11111111111111111111111111111111111111111111111111111111111111111111111111111111111111111111111111111111111111111111111111111111111111111111111111111111111111111111111111111111111111111111111111111111111111111111111111111111111111111111111111111111111111111111111111111111111111111111111111111
10000000000001000000000001000000000010000000000010000000000010000000000010000000001000000000001000000000001000000000010000000000010000000000010000000000100000001000000100000000100000010000000100000010000000100000001000000100000001000000010000000100000010000000100000000100000001000000010000001
10000000000001000000000001000000000010000000000010000000000010000000000010000000001000000000001000000000001000000000010000000000010000000000010000000000100000001000000100000000100000010000000100000010000000100000001000000100000001000000010000000100000010000000100000000100000001000000010000001
10000000000001000000000001000000000010000000000010000000000010000000000010000000001000000000001000000000001000000000010000000000010000000000010000000000100000001000000100000000100000010000000100000010000000100000001000000100000001000000010000000100000010000000100000000100000001000000010000001
10000000000001000000000001000000000010000000000010000000000010000000000010000000001000000000001000000000001000000000010000000000010000000000010000000000100000001000000100000000100000010000000100000010000000100000001000000100000001000000010000000100000010000000100000000100000001000000010000001
10000000000001000000000001000000000010000000000010000000000010000000000010000000001000000000001000000000001000000000010000000000010000000000010000000000100000001000000100000000100000010000000100000010000000100000001000000100000001000000010000000100000010000000100000000100000001000000010000001
10000000000001000000000001000000000010000000000010000000000010000000000010000000001000000000001000000000001000000000010000000000010000000000010000000000100000001000000100000000100000010000000100000010000000100000001000000100000001000000010000000100000010000000100000000100000001000000010000001
10000000000001000000000001000000000010000000000010000000000010000000000010000000001000000000001000000000001000000000010000000000010000000000010000000000100000001000000000000000100000010000000100000010000000100000001000000100000001000000010000000100000010000000100000000100000001000000010000001
11111111111001111111111001111111110011111111110011111111110011111111110011111111001111111111001111111111001111111110011111111110011111111110010011111111111111001111100100111111111110010011111100111111111100111111001111100100111111111110010011111111110010011111100111111100000001001111110000001
10000000000000000000000000000000000000000000000000000000000000000000000000000000000000000000000000000000000000000000000000000000000000000000000000000000000000000000000000000000000000000000000000000000000000000000000000000000000000000000000000000000000000000000000000000000000000000000000000001
10000000000000000000000000000000000000000000000000000000000000000000000000000000000000000000000000000000000000000000000000000000000000000000000000000000000000000000000000000000000000000000000000000000000000000000000000000000000000000000000000000000000000000000000000000000000000000000000000001
10000000010011111111111111111111111111111100111111111111110011111111100111111111111001111111111111111111111000111111111111100100111111111111111111111111110000011111111111110011111111111111111111100111111111100000011111111111111100111111111111111111111001111111111111111100000011111111111111111
10000000010010000000010000001000000000000000000000000000100000000000000000000000100000000001000000000000001000100000000000000100100000000100000010000000010000010000000000000000000000100000000000000000000000100000010000000000000000000000000000001000000000000000000000000100000010000001000000001
10000000010010000000010000001000000000000000000000000000100000000000000000000000100000000001000000000000001000100000000000000100100000000100000010000000010000010000000000000000000000100000000000000000000000100000010000000000000000000000000000001000000000000000000000000100000010000001000000001
10000000010010000000010000001000000000000000100000000000100000000000000000000000100000000001000000000000001000100000000000000100100000000100000010000000010000010000000000000000000000100000000000000000000000100000010000000000000000000000000000001000000000000000000000000100000010000001000000001
10000000010010000000010000001000000000000000100000000000100000000000000000000000100000000001000000000000001000100000000000000100100000000100000010000000010000010000000000000000000000100000000000000000000000100000010000000000000000000000000000001000000000000000000000000100000010000001000000001
10000000010010000000010000001000000000000000100000000000100000000000000000000000100000000001000000000000001000100000000000000100100000000100000010000000000000010000000000000000000000100000000000000000000000100000010000000000000000000000000000001000000000000000000000000100000010000001000000001
10000000010010000000010000001000000000000000100000000000100000000000000000000000100000000001000000000000001000100000000000000100100000000100000010000000000000010000000000000000000000100000000000000000000000100000010000000000000000000000000000001000000000000000000000000100000010000001000000001
10000000010010000000010000001000000000000000100000000000100000000000000000000000100000000001000000000000001000100000000000000100100000000100000011111111110000010000000000000000000000100000000000000000000000100000010000000000000000000000000000001000000000000000000000000100000010000001000000001
10000000010010000000010000001000000000000000100000000000000000000000000000000000100000000001000000000000001000100000000000000100100000000100000010000000010000011111111111111111111111111111111111111111111111100000011111111111111111111111111111111111111111111111111111111100000000000001000000001
11111111110010000000010000001000000000000000100000000000000000000000000000000000000000000001000000000000001000100000000000000100100000000100000010000000010000010000000000000000000000100000000000000000000000100000010000000000000000000000000000001000000000000000100000000000000000000001000000001
10000000000010000000010000001111100111111111111111111111100000000000000000000000000000000001000000000000001000100000000000000100100000000100000010000000010000010000000000000000000000100000000000000000000000100000010000000000000000000000000000001000000000000000100000000000000010000001000000001
10000000000010000000010000001000000000000000000000000000000000000000000000000000100000000001000000000000001000100000000000000100100000000100000010000000010000010000000000000000000000100000000000000000000000100000010000000000000000000000000000001000000000000000100000000100000010000001000000001
10000000010010000000010000001000000000000000000000000000000000000000000000000000100000000001000000000000001000100000000000000100100000000100000010000000000000010000000000000000000000100000000000000000000000100000010000000000000000000000000000001000000000000000100000000100000010000001000000001
10000000010010000000010000001000000000000000100000000000100000000000000000000000100000000001001000000000001000100000000000000100100000000100000010000000000000010000000000000000000000100000000000000000000000100000010000000000000000000000000000001000000000000000100000000100000010000001000000001
10000000010010000000010000001000000000000000100000000000100000000000000000000000100000000001001000000000001000100000000000000100100000000100000011111111110000010000000000000000000000100000000000000000000000100000010000000000000000000000000000001000000000000000100000000100000010000001000000001
10000000010010000000010000001000000000000000100000000000100000000000000000000000100000000001001000000000001000100000000000000100000000000100000010000000000000011111111111110011111111111111111111100111111111100000011111111111111100111111111111111111111001111111111111111100000010000001000000001
10000000010010000000010000001000000000000000100000000000100000000000000000000000100000000001001000000000001000100000000000000100000000000100000010000000000000000000000000000000000000000000000000000000000000000000000000000000000000000000000000000000000000000000000000000000000011111111111111001
10000000010010011111111111001000000000000000100000000000100000000000000000000000100000000001001111111111111000100111111111111100111111111100000010000000010000000000000000000000000000000000000000000000000000000000000000000000000000000000000000000000000000000000000000000000000000000000000000001
10000000010000000000000000001000000000000000100000000000100000000000000000000000100000000001000000000000000000000000000000000000010000000000000010000000010000000000000000000000000000000000000000000000000000000000000000000000000000000000000000000000000000000000000000000000000000000000000000001
10000000010000000000000000001000000000000000100000000000100000000000000000000000100000000001000000000000000000000000000000000000010000000000000010000000010000011111110010011111111111110010011111111111111100100000011111111111111111111111111111111111111111111111111111111110000000000010000000001
10000000010000000000000000001000000000000000100000000000100000000000000000000000100000000001000000000000000000000000000000000000010000000000000011111111110000010000000010000000010000000010000000010000000000100000010000001000000000000000000000000000000000000000000000000000000111111110000000001
10000000010000000000000000001111111111111100111111111111110011111111100111111111100111111111000000000000000000000000000000000000010000000000000010000000010000010000000010000000010000000010000000010000000000100000010000001000000000000000000000000000000000000000000000000000000100000010000000001
11111111110000000000000000000000000000000000000000000000000000000000000000000000000000000000000000000000000000000000000000000000010000000000000010000000010000010000000010000000010000000010000000010000000000100000010000001000000000000000000000000000000000000000000000000010000100000010000000001
10000000000000000000000000000000000000000000000000000000000000000000000000000000000000000000000000000000000000000000000000000000010000000000000010000000010000010000000010000000010000000010000000010000000000100000010000001000000000000000000000000000000000000000000000000010000100000010000000001
10000000000011111001111111111111001111111111111111001111111111111001001111111111111111100111111110011111111001111110000001001111110000000000000010000000010000010000000010000000010000000010000000010000000000100000010000001000000000000000000000000000000000000000000000000011111111001110000000001
10000000010010000000000000001000000000000000100000000000000100000001000000000000000000100000001000000000010000000010000001000000000000000000000010000000000000010000000010000000010000000010000000010000000000100000010000001000000000000000000000000000000000000000000000000000000000000010000000001
10000000010010000000000000001000000000000000100000000000000100000001000000000000000000100000001000000000010000000010000001000000000000000000000010000000000000010000000010000000010000000010000000010000000000100000010000001000000000000000000000000000000000000000000000000000000000000010000000001
10000000010010000000000000001000000000000000100000000000000100000001000000000000000000100000001000000000010000000010000001000000000000000000000011111111110000010000000010000000010000000010000000010000000000100000010000001000000000000000000000000000000000000000000000000000000000000010000000001
10000000010010000000000000001000000000000000100000000000000100000001000000000000000000100000001000000000010000000010000001000000000000000000000010000000000000011111111111111111111111111111111111111111111111100000010000001000000000000000000000000000000000000000000000000000000000000010000000001
10000000010010000000000000001000000000000000100000000000000100000001000000000000000000100000001000000000010000000010000001000000000000000000000010000000000000010000000010000000010000000010000000010000000000100000010000001000000000000000000000000000000000000000000000000000000000000010000000001
10000000010010000000000000001000000000000000100000000000000100000001000000000000000000100000001000000000010000000010000001000000000000000000000010000000010000010000000010000000010000000010000000010000000000100000010000000000000000000000000000000000000000000000000000000000000000000010000000001
11111111110010000000000000001000000000000000100000000000000100000001000000000000000000100000001000000000010000000010000001000000000000000000000010000000010000010000000010000000010000000010000000010000000000100000010000000000000000000000000000000000000000000000000000000000000000000010000000001
10000000000010000000000000001000000000000000100000000000000100000001100111111100111111100000001000000000011111111110000001111110000000000000000010000000010000010000000010000000010000000010000000010000000000100000011111111100000000000000000000000000000000000000000000000000000000000010000000001
10000000000010000000000000001000000000000000100000000000000100000001000000000000000000100000001000000000010000000010000001111111000000000000000011111111110000010000000010000000010000000010000000010000000000100000000000000000000000000000000000000000000000000000000000000000000000000010000000001
10000000010010000000000000001000000000000000100000000000000100000001000000000000000000100000001000000000010000000010000001111111100000000000000010000000010000010000000010000000010000000010000000010000000000100000000000000000000000000000000000000000000000000000000000000000000000000010000000001
10000000010010000000000000001000000000000000100000000000000100000001000000000000000000100000001000000000010000000010000001111111110000000000000010000000010000010000000010000000010000000010000000010000000000100000000000000100000000000000000000000000000000000000000000000000000000000010000000001
10000000010010000000000000001000000000000000100000000000000100000001000000000000000000100000001000000000010000000010000001111111111000000000000010000000010000010000000010000000010000000010000000010000000000100000000000011111111111111111111111110000000000000000000000000000000111111110000000001
10000000010010000000000000001000000000000000100000000000000100000001000000000000000000100000001000000000010000000000000001111111111100000000000010000000010000011111110010011111111111110010011111111111111100100000000000000000000000000000000000010000000000000000000000000000000100000010000000001
10000000010010000000000000001000000000000000100000000000000100000001000000000000000000100000001000000000010000000000000001111111111110000000000010000000010000000000000000000000000000000000000000000000000000000000000000000000000000000000000000010000000000000000000000000000000100000010000000001
10000000010010000000000000001000000000000000100000000000000100000001000000000000000000100000001111111111111111111110000001111111111111000000000010000000000000000000000000000000000000000000000000000000000000000000000000000000000000000000000000010000000000000000000000000000000100000010000000001
11111111110010000000000000001000000000000000100000000000000100000001000000000000000000100000001000000000000000000000000001111111111111100000000010000000000000000000000000000000000000000000000000000000000000000000000000000000000000000000000000010000000000000000000000000000000100000010000000001
10000000000010000000000000001000000000000000100000000000000100000001000000000000000000100000001000000000000000000000000001111111111111100000000010000001111111001001111111111001001111111111001001111111111001001111100000000000000000000000000000010000000000000000000000000000000100000010000000001
10000000000010000000000000001000000000000000100000000000000100000001000000000000000000100000001000000000000000000010000001111111111111100000000010000001000000001000000100000001000000100000001000000100000001000000100000011111111111111111111111110000000000000000000000000000000100000010000000001
10000000010010000000000000000000000000000000100000000000000000000001000000000000000000100000001000000000000000000010000001111111111111100000000010000001000000001000000100000001000000100000001000000100000001000000100000000000000000000000000000010000000000000000000000000000000100000010000000001
10000000010010000000000000000000000000000000100000000000000000000001000000000000000000100000001000000000000000000010000001111111111111100000000010000001000000001000000100000001000000100000001000000100000001000000100000000000000000000000000000010000000000000000000000000000000100000010000000001
10000000010010000000000000001000000000000000100000000000000100000001000000000000000000100000001000000000000000000010000001111111111111100000000010000001000000001000000100000001000000100000001000000100000001000000111100111000000000000000000000010000000000000000000000000000000100000010000000001
10000000010010000000000000001000000000000000100000000000000100000001000000000000000000100000001000000000000000000010000001111111111111100000000010000001000000001000000100000001000000100000001000000100000001000000100000001000000000000000000000010000000000000000000000000000000100000011111111001
10000000010011111111111111111111111111111111111111111111111111111111111111111111111111111111111111111111111111111110000001111111111111100111111110000001000000001000000100000001000000100000001000000100000001000000100000001000000000000000000000010000000000000000000000000000000100000000000000001
10000000010011111111111111111111111111111111111111111111111111111111111111111111111111111111111111111111111111111110000000000000000000000000000010000001000000001000000100000001000000100000001000000100000001000000100000001000000000000000000000010000000000000000000000000000000100000000000000001
10000000010011111111111111111111111111111111111111111111111111111111111111111111111111111111111111111111111111111110000000000000000000000000000010000001000000001000000100000001000000100000001000000100000001000000100000001111111111111111111111111111111111111111111111111111111100000000000000001
11111111110011111111111111111111111111111111111111111111111111111111111111111111111111111111111111111111111111111110000000000000000000000000000011111111111111111111111111111111111111111111111111111111111111111111100000000000000000000000000000000000000000000000000000000000000000000000000000001
10000000000011111111111111111111111111111111111111111111111111111111111111111111111111111111111111111111111111111110000000000000000000000000000000000000000000000000000000000000000000000000000000000000000000000000000000000000000000000000000000000000000000000000000000000000000000000000000000001
10000000000011111111111111111111111111111111111111111111111111111111111111111111111111111111111111111111111111111110000000000000000000000000000000000000000000000000000000000000000000000000000000000000000000000000000000000000000000000000000000000000000000000000000000000000000000000000000000001
10000000010011111111111111111111111111111111111111111111111111111111111111111111111111111111111111111111111111111110000001111111111111110000000000000000000000000000000000000000000000000000000000000000000000000000000000000000000000000000000000000000000000000000000000000000000000000000000000001
10000000010011111111111111111111111111111111111111111111111111111111111111111111111111111111111111111111111111111110000001111111111111110000000011001111110011111110011111111111100111111111111111111111110011111111111100111111111111111111111111111111110011111111111111111111001111111110000000001
10000000010011111111111111111111111111111111111111111111111111111111111111111111111111111111111111111111111111111000000001111111111111110000000010000010000000000010000000000010000000000000000000000100000000000100000000000000000000000000000000000000010000000100000001000000000000000010000000001
10000000010010000000000000000000100000000000000000010000000000000000000000000000000000000000000000000000011111111000000001111111111111110000000010000010000000000010000000000010000000000000000000000100000000000100000000000000000000000000000000000000010000000100000001000000000000000010000000001
10000000010010000000000000000000100000000000000000010000000000000000000000000000000000000000000000000000011111111000000001111111111111110000000010000010000000000010000000000010000000000000000000000100000000000100000000000000000000000000000000000000010000000100000001000000000000000010000000001
10000000010010000000000000000000100000000000000000010000000000000000000000000000000000000000000000000000011111111000000001111111111111110000000010000010000000000010000000000010000000000000000000000100000000000100000000000000000000000000000000000000010000000100000001000000000000000010000000001
10000000010010000000000000000000100000000000000000010000000000000000000000000000000000000000000000000000010000001000000001111111111111110000000010000010000000000010000000000000000000000000000000000100000000000100000000000000000000000000000000000000010000000100000001000000000000000010000000001
11111111110010000000000000000000100000000000000000010000000000000000000000000000000000000000000000000000010000000000000001111111111111110000000010000010000000000010000000000000000000000000000000000100000000000100000000000000000000000000000000000000010000000100000001000000000000000010000000001
10000000000010000000000000000000100000000000000000010000000000000000000000000000000000000000000000000000010000000000000001111111111111110000000010000010000000000010000000000010000000000000000000000100000000000100000000000000000000000000000000000000010000000100000001000000000000000010000000001
10000000000010000000000000000000100000000000000000010000000000000000000000000000000000000000000000000000010000001000000001111111111111110000000010000010000000000010000000000010000000000000000000000100000000000100000000000000000000000000000000000000010000000100000001000000000000000010000000001
10000000010010000000000000000000100000000000000000010000000000000000000000000000000000000000000000000000010000001000000001111111111111110000000010000010000000000010000000000010000000000000000000000100000000000100000000000000000000000000000000000000010000000100000000000000000000000010000000001
10000000010010000000000000000000100000000000000000010000000000000000000000000000000000000000000000000000011111111000000001111111111111110000000010000010000000000010000000000010000000000000000000000100000000000100000000000000000000000000000000000000010000000100000000000000000000000010000000001
10000000010010000000000000000000100000000000000000010000000000000000000000000000000000000100111111111111110000001000000001111111111111110000000010000010000000000010011111111110000000000000000000000100000000000100000000000000000000000000000000000000010000000100000001000000000000000010000000001
10000000010010000000000000000000100000000000000000010000000000000000000000000000000000000100000000000000010000000000000001111111111111110000000010000010000000000010000000000010000000000000000000000100000000000100000000000000000000000000000000000000010000000100000001000000000000000010000000001
10000000010010000000000000000000100000000000000000010000000000000000000000000000000000000100000000000000010000000000000001111111111111110000000010000010000000000010000000000010000000000000000000000100000000000100000000000000000000000000000000000000010000000100000001000000000000000010000000001
10000000010010000000000000000000100000000000000000010000000000000000000000000000000000000100000000000000010000001000000001111111111111110000000010000010000000000010000000000010000000000000000000000100000000000100000000000000000000000000000000000000010011111100000001000000000000000010000000001
11111111110010000000111111111111111111111001000000010000000000000000000000000000000000000100000000000000010000001000000001111111111111110000000010000010000000000010000000000010000000000000000000000100000000000100000000000000000000000000000000000000010000000100000001000000000000000010000000001
10000000000010000000100000000000100000000001000000010000000000000000000000000000000000000100000000000000011111111000000001111111111111110000000010000010000000000010000000000010000000000000000000000100000000000100000000000000000000000000000000000000010000000100000001000000000000000010000000001
10000000000010000000000000000000100000000001000000010000000000000000000000000000000000000100000000000000010000001000000001111111111111110000000010000010000000000010000000000000000000000000000000000100000000000100000000000000000000000000000000000000010000000100000001000000000000000010000000001
10000000010010000000000000000000100000000001000000010000000000000000000000000000000000000100000000000000010000001000000001111111111111110000000010000010000000000010000000000000000000000000000000000000000000000000000000000000000000000000000000000000000000000100000001000000000000000010000000001
10000000010010000000100000000000100000000001000000010000000000000000000000000000000000000100000000000000010000000000000001111111111111110000000010000010000000000010000000000010000000000000000000000000000000000000000000000000000000000000000000000000000000000100000001000000000000000010000000001
10000000010010000000100000000000100000000001000000010000000000000000000000000000000000000100000000000000010000000000000001111111111111110000000010000010000000000010000000000010000000000000000000000100000000000100000000000000000000000000000000000000010000000100000001000000000000000010000000001
10000000010010000000100000000000100000000001000000010000000000000000000000000000000000000100000000000000010000001000000001111111111111110000000010000010000000000010000000000010000000000000000000000100000000000100000000000000000000000000000000000000010000000100000001000000000000000010000000001
10000000010010000000100000000000100000000001000000010000000000000000000000000000000000000100000000000000010000001000000001111111111111110000000010000010000000000010000000000010000000000000000000000100000000000100000000000000000000000000000000000000010000000100000001000000000000000010000000001
10000000010011110000111111111111111111111001001111111111111110011111111111111110011111111111111111111111111111111110000001111111111111110000001111111111111111111111111111111111111111111111111111111111111111111111111111111111111111111111111111111111111111111111111111111111111111111110000000001
10000000010000000000000000000000000000000000000000000000000000000000000000000000000000000000000000000000000000000000000000000000000000000000001111111111111111111111111111111111111111111111111111111111111111111111111111111111111111111111111111111111111111111111111111111111111111111110000000001
10000000010000000000000000000000000000000000000000000000000000000000000000000000000000000000000000000000000000000000000000000000000000000000001111111111111111111111111111111111111111111111111111111111111111111111111111111111111111111111111111111111111111111111111111111111111111111110000000001
11111111110000000000000000000000000000000000000000000000000000000000000000000000000000000000000000000000000000000000000000000000000000000000001111111111111111111111111111111111111111111111111111111111111111111111111111111111111111111111111111111111111111111111111111111111111111111110000000001
10000000000000000000000001111001111110011111100111110011111100111111001111111110011000000010011111111111111111111110000000000000000000000000001111111111111111111111111111111111111111111111111111111111111111111111111111111111111111111111111111111111111111111111111111111111111111111110000000001
10000000000000000000000001000000000010000000100000010000000100000001000000100000001000000010000000010000000001000010000000000000000000000000001111111111111111111111111111111111111111111111111111111111111111111111111111111111111111111111111111111111111111111111111111111111111111111110000000001
10000000010000000000000001000000000010000000100000010000000100000001000000100000001100111110000000010000000001000010000000111111111111100000001111111111111111111111111111111111111111111111111111111111111111111111111111111111111111111111111111111111111111111111111111111111111111111110000000001
10000000010011111111111111000000000010000000100000010000000100000001000000100000001000000010000000010000000001000011111100111111111111100000001111111111111111111111111111111111111111111111111111111111111111111111111111111111111111111111111111111111111111111111111111111111111111111110000000001
10000000010010000000000001000000000010000000100000010000000100000001000000100000001000000010000000010000000001000000000000111111111111100000001000000000001000000000000000000000000001000000000001000000000000000000000000001000000000000000000000010000000000000000000000010000000100000010000000001
10000000010010000000000001000000000010000000100000010000000100000001000000100000001000000010000000010000000001000000000000111111111111100000001000000000001000000000000000000000000001000000000001000000000000000000000000001000000000000000000000010000000000000000000000010000000100000010000000001
10000000010010000000000001000000000010000000100000010000000100000001000000100000001000000010000000010000000001000000000000111111111111100000001000000000001000000000000000000000000001000000000001000000000000000000000000001000000000000000000000010000000000000000000000010000000000000010000000001
10000000010010000000000001000000000010000000100000010000000100000001000000100000001000000010000000010000000001000000000000111111111111100000001000000000001000000000000000000000000001000000000001000000000000000000000000001000000000000000000000010000000000000000000000010000000000000010000000001
10000000010000000000000001000000000010000000100000010000000100000001000000100000001000000010000000010000000001000000000000111111111111100000001000000000001000000000000000000000000001000000000001000000000000000000000000001000000000000000000000010000000000000000000000010000000100000010000000001
11111111110000000000000001000000000010000000100000010000000100000001000000100000001000000010000000010011111111000000000000111111111111100000001000000000001000000000000000000000000001000000000001000000000000000000000000001000000000000000000000010000000000000000000000010000000100000010000000001
10000000000011111111111111000000000010000000100000010000000100000001000000100000001000000010000000000000000000000000000000111111111111100000001000000000001000000000000000000000000001000000000001000000000000000000000000001000000000000000000000010000000000000000000000011111111100000010000000001
10000000000010000000000001000000000010000000100000010000000100000001000000100000001000000010000000000000000000000000000000111111111111100000001000000000001000000000000000000000000001000000000001000000000000000000000000001000000000000000000000010000000000000000000000010000000100000010000000001
10000000010010000000000001111111111111111111111111111111111111111111111111111111111000000011111111111111111100000000000000011111111111100000001000000000001000000000000000000000000001000000000001000000000000000000000000001000000000000000000000010000000000000000000000010000000100000010000000001
10000000010010000000000001111111111111111111111111111111111111111111111111111111111000000011111111111111111110000000000000001111111111100000001000000000001000000000000000000000000001000000000001000000000000000000000000001000000000000000000000010000000000000000000000010000000000000010000000001
10000000010010000000000001111111111111111111111111111111111111111111111111111111111000000011111111111111111111000000000000000011111111100000001000000000001000000000000000000000000001000000000001000000000000000000000000001000000000000000000000010000000000000000000000010000000000000010000000001
10000000010000000000000001111111111111111111111111111111111111111111111111111111111000000011111111111111111111100000000000000001111111100000001000000000001000000000000000000000000000000000000000000000000000000000000000000000000000000000000000000000000000000000000000010000000100000010000000001
10000000010000000000000001111111111111111111111111111111111111111111111111111111111000000011111111111111111111110000000000000000111111100000001000000000001000000000000000000000000000000000000000000000000000000000000000000000000000000000000000000000000000000000000000010000000100000010000000001
11111111110011111111111111111111111111111111111111111111111111111111111111111111111000000011111111111111111111111000000000000000001111100000001000000000001000000000000000000000000001000000000001000000000000000000000000001000000000000000000000010000000000000000000000010000000100000010000000001
10000000000010000000000001111111111111111111111111111111111111111111111111111111111000000111111111111111111111111100000000000000000111100000001000000000001000000000000000000000000001000000000001000000000000000000000000001000000000000000000000010000000000000000000000011111111100000010000000001
10000000000010000000000001111111111111111111111111111111111111111111111111111111111000001111111111111111111111111111000000000000000000100000001000000000001000000000000000000000000001000000000001000000000000000000000000001000000000000000000000010000000000000000000000010000000100000010000000001
10000000010010000000000001111111111111111111111111111111111111111111111111111111111000011111111111111111111111111111100000000000000000100000001000000000001000000000000000000000000001000000000001000000000000000000000000001000000000000000000000010000000000000000000000010000000100000010000000001
10000000010010000000000001111111111111111111111111111111111111111111111111111111111000111111111111111111111111111111110000000000000000100000001000000000001000000000000000000000000001000000000001000000000000000000000000001000000000000000000000010000000000000000000000010000000000000010000000001
10000000010010000000000001111111111111111111111111111111111111111111111111111111111011111111111111111111111111111111111000000000000000100000001000000000001000000000000000000000000001000000000001000000000000000000000000001000000000000000000000010000000000000000000000010000000000000010000000001
10000000010000000000000001111111111111111111111111111111111111111111111111111111111111111111111111111111111111111111111100000000000000100000001000000000001000000000000000000000000001000000000001000000000000000000000000001000000000000000000000010000000000000000000000010000000100000010000000001
10000000010000000000000001111111111111111111111111111111111111111111111111111111111111111111111111111111111111111111111110000000000000100000001000000000001000000000000000000000000001000000000001000000000000000000000000001000000000000000000000010000000000000000000000010000000100000010000000001
10000000010011111111111111111111111111111111111111111111111111111111111111111111111111111111111111111111111111111111111110000000000000100000001000000000001000000000000000000000000001000000000001000000000000000000000000001000000000000000000000010000000000000000000000010000000100000010000000001
10000000010000000000000001111111111111111111111111111111111111111111111111111111111111111111111111111111111111111111111110001111111111100000001111110011111111001111111111111111001111111100111111111110011111111111111100111110011111111111111001111111100111111111111001111111111111100110000000001
10000000010000000000000001111111111111111111111111111111111111111111111111111111111111111111111111111111111111111111111110000001000000000000000000000000000000000000000000000000000000000000000000000000000000000000000000000000000000000000000000000000000000000000000000000000000000000000000000001
10000000010010000000000001111111111111111111111111111111111111111111111111111111111111111111111111111111111111111111111110000001000000000000000000000000000000000000000000000000000000000000000000000000000000000000000000000000000000000000000000000000000000000000000000000000000000000000000000001
11111111110010000000000001111111111111111111111111111111111111111111111111111111111111111111111111111111111111111111111110000001000000000000000000000000000000000000000000000000000000000000000000000000000000000000000000000000000000000000000000000000000000000000000000000000000000000000000000001
10000000000010000000000001111111111111111111111111111111111111111111111111111111111111111111111111111111111111111111111110000001000000000000000000000000000000000000001000000000000000000000000000000000000000000000000000000000000000000000000000000000000000000000000000000000000000000000000000001
10000000000010000000000001111111111111111111111111111111111111111111111111111111111111111111111111111111111111111111111110000001000010011111111111100100000000000000001001111111111111111111111111111111111111111111111111111111111110000111111111111111100111111111111111111111001100000000000000001
10000000010010000000000001111111111111111111111111111111111111111111111111111111111111111111111111111111111111111111111110000001000010000000000000000100000000000000001000000000010000001000000000000000000000000000000000000000010000000000000000010000000000010000000000000010000111100111111111001
10000000010011111111111111111111111111111111111111111111111111111111111111111111111111111111111111111111111111111111111111111111100010000000000000000111111111111110001000000000010000001000000000000000000000000000000000000000010000000000000000010000000000010000000000000010000100000100000000001
10000000010000000000000000001111111111111111111111111111111111111111111111111111111111111111111111111111111111111000000000000000000010000000000000000100000000000000001000000000010000001000000000000000000000000000000000000000010000000000000000010000000000010000000000000010000100000100000000001
10000000010000000000000000001111111111111111111111111111111111111111111111111111111111111111111111111111111111111000000000000000000010000000000000000100000000000000001000000000010000001000000000000000000000000000000000000000010000000000000000010000000000010000000000000010000100000100000000001
10000000010010000000010000001111111111111111111111111111111111111111111111111111111111111111111111111111111111111000000010000000100010000000000000000100000000000000001000000000010000001000000000000000000000000000000000000000010000000000000000010000000000010000000000000010000100000100000000001
10000000010010000000010000001111111111111111111111111111111111111111111111111111111111111111111111111111111111111000000010000000100010000000000000000100000000000000001000000000010000001000000000000000000000000000000000000000010000000000000000010000000000010000000000000010000100000100000000001
10000000010010000000010000001111111111111111111111111111111111111111111111111111111111111111111111111111111111111000000010000000100010000000000000000100000000000000001000000000010000001000000000000000000000000000000000000000010000000000000000010000000000010000000000000010000100000100000000001
10000000010010000000010000001111111111111111111111111111111111111111111111111111111111111111111111111111111111111000000010000000100010000000000000000100000000000000001000000000010000001000000000000000000000000000000000000000010000000000000000010000000000010000000000000010000100000100000000001
11111111110010000000010000001111111111111111111111111111111111111111111111111111111111111111111111111111111111111000000010000000100010000000000000000100000000000000001000000000010000001000000000000000000000000000000000000000010000000000000000010000000000010000000000000010000100000100000000001
10000000000010000000010000001111111111111111111111111111111111111111111111111111111111111111111111111111111111111000000010000000100010000000000000000100000000000000001000000000010000001000000000000000000000000000000000000000010000000000000000010000000000010000000000000010000100000100000000001
10000000000010000000010000001000000010000000000100000000001000000000001000000000010000000000010000000000100000001000000010000000100010000000000000000100000000000000001000000000010000001000000000000000000000000000000000000000010000000000000000010000000000010000000000000000000100000100000000001
10000000010010000000010000001000000010000000000100000000001000000000001000000000010000000000010000000000100000001000000010000000100010000000000000000100000000000000001000000000010000001000000000000000000000000000000000000000010000000000000000010000000000010000000000000000000100000100000000001
10000000010010000000010000001000000010000000000100000000001000000000001000000000010000000000010000000000100000001000000010000000100010000000000000000100000000000000001000000110010011111000000000000000000000000000000000000000010000000000000000010000000000010000000000111110000100000100000000001
10000000010010000000010000001000000010000000000100000000001000000000001000000000010000000000010000000000100000001000000010000000100010000000000000000100000000000000001000000100000000001000000000000000000000000000000000000000010000000000000000010000000000010000000000100000000100000100000000001
10000000010010000000010000001000000010000000000100000000001000000000001000000000010000000000010000000000100000001000000010000000100010000000000000000100000000000000001000000100000000001000000000000000000000000000000000000000010000000000000000010000000000010000000000100000000100000100000000001
10000000010010000000010000001000000010000000000100000000001000000000001000000000010000000000010000000000100000001000000010000000100010000000000000000100000000000000001000000100000000000000000000000000000000000000000000000000010000000000000000010000000000010000000000100010000100000100000000001
10000000010010000000010000001000000010000000000100000000001000000000001000000000010000000000010000000000100000001000000010000000100010000000000000000100000000000000001000000100000000000000000000000000000000000000000000000000010000000000000000010000000000010000000000100010000100000100000000001
10000000010011111111111111111111110011111111100111111111001111111111001111111110011111111110011111111100111111001111111111111111100010000000000000000111111111111111111000000100000000001000000000000000000000000000000000000000011111100000000000011111111111111111111111111110011111100111111111111
10000000010000000000000000000000000000000000000000000000000000000000000000000000000000000000000000000000000000000000000000000000000000000000000000000000000000000000000000000100000000001000000000000000000000000000000000000000000000100000000000000000000000010000000000000000000001000000000000001
11111111110000000000000000000000000000000000000000000000000000000000000000000000000000000000000000000000000000000000000000000000000000000000000000000000000000000000000000000100000000001000000000000000000000000000000000000000000000100000000000000000000000010000000000000000000001000000000000001
10000000011001001111111110011111111110011111111100111111111100111111111001111111111001111111110011111111110011111111100111111111100111111111001111111110000000100000011111111100111111111000000000000000000000000000000000000000000000100000000000010000000000010000000000000000000001000000000000001
10000000000001000000000010000000000010000000000100000000000100000000001000000000001000000000010000000000010000000000100000000000100000000001000000000010000000100000010000000000000000001000000000000000000000000000000000000000000000100000000000010000000000010000000000000000000001000000000000001
10000000000001000000000010000000000010000000000100000000000100000000001000000000001000000000010000000000010000000000100000000000100000000001000000000010000000100000010000000000000000001000000000000000000000000000000000000000000000100000000000010000000000010000000000000000000001000000000000001
10000000000001000000000010000000000010000000000100000000000100000000001000000000001000000000010000000000010000000000100000000000100000000001000000000010000000100000010000000000100000001000000000000000000000000000000000000000000000100000000000010000000000010000000000000000000001000000000000001
10000000000001000000000010000000000010000000000100000000000100000000001000000000001000000000010000000000010000000000100000000000100000000001000000000010000000100000010000000000100000001000000000000000000000000000000000000000000000100000000000010000000000010000000000000000000001000000000000001
10000000000001000000000010000000000010000000000100000000000100000000001000000000001000000000010000000000010000000000100000000000100000000001000000000010000000100000010000000000100000001000000000000000000000000000000000000000000000100000000000010000000000010000000000000000000001000000000000001
10000000000001000000000010000000000010000000000100000000000100000000001000000000001000000000010000000000010000000000100000000000100000000001000000000010000000100000010000000000100000001000000000000000000000000000000000000000000000100000000000010000000000010000000000000000000001000000000000001
10000000000001000000000010000000000010000000000100000000000100000000001000000000001000000000010000000000010000000000100000000000100000000001000000000010000000100000010000000000100000001000000000000000000000000000000000000000000000100000000000010000000000010000000000000000000001000000000000001
10000000000001000000000010000000000010000000000100000000000100000000001000000000001000000000010000000000010000000000100000000000100000000001000000000010000000100000010000000000100000001000000000000000000000000000000000000000000000100000000000010000000000010000000000000000000001000000000000001
11111111111111111111111111111111111111111111111111111111111111111111111111111111111111111111111111111111111111111111111111111111111111111111111111111111111111111111111111111111111111111111111111111111111111111111111111111111111111111111111111111111111111111111111111111111111111111111111111111
