00000000000000000000000000000000000000000000000000000000000000000000000000000000000000000000000000000000000000000000000000000000000000000000000000000000000000000000000000000000000000000000000000000000000000000000000000000000000000000000000000000000000000000000000000000000000000000000000000000
01111111111110111111111110111111111101111111111101111111111101111111111101111111110111111111110111111111110111111111101111111111101111111111101111111111011111110111111011111111011111101111111011111101111111011111110111111011111110111111101111111011111101111111011111111011111110111111101111110
01111111111110111111111110111111111101111111111101111111111101111111111101111111110111111111110111111111110111111111101111111111101111111111101111111111011111110111111011111111011111101111111011111101111111011111110111111011111110111111101111111011111101111111011111111011111110111111101111110
01111111111110111111111110111111111101111111111101111111111101111111111101111111110111111111110111111111110111111111101111111111101111111111101111111111011111110111111011111111011111101111111011111101111111011111110111111011111110111111101111111011111101111111011111111011111110111111101111110
01111111111110111111111110111111111101111111111101111111111101111111111101111111110111111111110111111111110111111111101111111111101111111111101111111111011111110111111011111111011111101111111011111101111111011111110111111011111110111111101111111011111101111111011111111011111110111111101111110
01111111111110111111111110111111111101111111111101111111111101111111111101111111110111111111110111111111110111111111101111111111101111111111101111111111011111110111111011111111011111101111111011111101111111011111110111111011111110111111101111111011111101111111011111111011111110111111101111110
01111111111110111111111110111111111101111111111101111111111101111111111101111111110111111111110111111111110111111111101111111111101111111111101111111111011111110111111011111111011111101111111011111101111111011111110111111011111110111111101111111011111101111111011111111011111110111111101111110
01111111111110111111111110111111111101111111111101111111111101111111111101111111110111111111110111111111110111111111101111111111101111111111101111111111011111110111111111111111011111101111111011111101111111011111110111111011111110111111101111111011111101111111011111111011111110111111101111110
00000000000110000000000110000000001100000000001100000000001100000000001100000000110000000000110000000000110000000001100000000001100000000001101100000000000000110000011011000000000001101100000011000000000011000000110000011011000000000001101100000000001101100000011000000011111110110000001111110
01111111111111111111111111111111111111111111111111111111111111111111111111111111111111111111111111111111111111111111111111111111111111111111111111111111111111111111111111111111111111111111111111111111111111111111111111111111111111111111111111111111111111111111111111111111111111111111111111110
01111111111111111111111111111111111111111111111111111111111111111111111111111111111111111111111111111111111111111111111111111111111111111111111111111111111111111111111111111111111111111111111111111111111111111111111111111111111111111111111111111111111111111111111111111111111111111111111111110
01111111101100000000000000000000000000000011000000000000001100000000011000000000000110000000000000000000000111000000000000011011000000000000000000000000001111100000000000001100000000000000000000011000000000011111100000000000000011000000000000000000000110000000000000000011111100000000000000000
01111111101101111111101111110111111111111111111111111111011111111111111111111111011111111110111111111111110111011111111111111011011111111011111101111111101111101111111111111111111111011111111111111111111111011111101111111111111111111111111111110111111111111111111111111011111101111110111111110
01111111101101111111101111110111111111111111111111111111011111111111111111111111011111111110111111111111110111011111111111111011011111111011111101111111101111101111111111111111111111011111111111111111111111011111101111111111111111111111111111110111111111111111111111111011111101111110111111110
01111111101101111111101111110111111111111111011111111111011111111111111111111111011111111110111111111111110111011111111111111011011111111011111101111111101111101111111111111111111111011111111111111111111111011111101111111111111111111111111111110111111111111111111111111011111101111110111111110
01111111101101111111101111110111111111111111011111111111011111111111111111111111011111111110111111111111110111011111111111111011011111111011111101111111101111101111111111111111111111011111111111111111111111011111101111111111111111111111111111110111111111111111111111111011111101111110111111110
01111111101101111111101111110111111111111111011111111111011111111111111111111111011111111110111111111111110111011111111111111011011111111011111101111111111111101111111111111111111111011111111111111111111111011111101111111111111111111111111111110111111111111111111111111011111101111110111111110
01111111101101111111101111110111111111111111011111111111011111111111111111111111011111111110111111111111110111011111111111111011011111111011111101111111111111101111111111111111111111011111111111111111111111011111101111111111111111111111111111110111111111111111111111111011111101111110111111110
01111111101101111111101111110111111111111111011111111111011111111111111111111111011111111110111111111111110111011111111111111011011111111011111100000000001111101111111111111111111111011111111111111111111111011111101111111111111111111111111111110111111111111111111111111011111101111110111111110
01111111101101111111101111110111111111111111011111111111111111111111111111111111011111111110111111111111110111011111111111111011011111111011111101111111101111100000000000000000000000000000000000000000000000011111100000000000000000000000000000000000000000000000000000000011111111111110111111110
00000000001101111111101111110111111111111111011111111111111111111111111111111111111111111110111111111111110111011111111111111011011111111011111101111111101111101111111111111111111111011111111111111111111111011111101111111111111111111111111111110111111111111111011111111111111111111110111111110
01111111111101111111101111110000011000000000000000000000011111111111111111111111111111111110111111111111110111011111111111111011011111111011111101111111101111101111111111111111111111011111111111111111111111011111101111111111111111111111111111110111111111111111011111111111111101111110111111110
01111111111101111111101111110111111111111111111111111111111111111111111111111111011111111110111111111111110111011111111111111011011111111011111101111111101111101111111111111111111111011111111111111111111111011111101111111111111111111111111111110111111111111111011111111011111101111110111111110
01111111101101111111101111110111111111111111111111111111111111111111111111111111011111111110111111111111110111011111111111111011011111111011111101111111111111101111111111111111111111011111111111111111111111011111101111111111111111111111111111110111111111111111011111111011111101111110111111110
01111111101101111111101111110111111111111111011111111111011111111111111111111111011111111110110111111111110111011111111111111011011111111011111101111111111111101111111111111111111111011111111111111111111111011111101111111111111111111111111111110111111111111111011111111011111101111110111111110
01111111101101111111101111110111111111111111011111111111011111111111111111111111011111111110110111111111110111011111111111111011011111111011111100000000001111101111111111111111111111011111111111111111111111011111101111111111111111111111111111110111111111111111011111111011111101111110111111110
01111111101101111111101111110111111111111111011111111111011111111111111111111111011111111110110111111111110111011111111111111011111111111011111101111111111111100000000000001100000000000000000000011000000000011111100000000000000011000000000000000000000110000000000000000011111101111110111111110
01111111101101111111101111110111111111111111011111111111011111111111111111111111011111111110110111111111110111011111111111111011111111111011111101111111111111111111111111111111111111111111111111111111111111111111111111111111111111111111111111111111111111111111111111111111111100000000000000110
01111111101101100000000000110111111111111111011111111111011111111111111111111111011111111110110000000000000111011000000000000011000000000011111101111111101111111111111111111111111111111111111111111111111111111111111111111111111111111111111111111111111111111111111111111111111111111111111111110
01111111101111111111111111110111111111111111011111111111011111111111111111111111011111111110111111111111111111111111111111111111101111111111111101111111101111111111111111111111111111111111111111111111111111111111111111111111111111111111111111111111111111111111111111111111111111111111111111110
01111111101111111111111111110111111111111111011111111111011111111111111111111111011111111110111111111111111111111111111111111111101111111111111101111111101111100000001101100000000000001101100000000000000011011111100000000000000000000000000000000000000000000000000000000001111111111101111111110
01111111101111111111111111110111111111111111011111111111011111111111111111111111011111111110111111111111111111111111111111111111101111111111111100000000001111101111111101111111101111111101111111101111111111011111101111110111111111111111111111111111111111111111111111111111111000000001111111110
01111111101111111111111111110000000000000011000000000000001100000000011000000000011000000000111111111111111111111111111111111111101111111111111101111111101111101111111101111111101111111101111111101111111111011111101111110111111111111111111111111111111111111111111111111111111011111101111111110
00000000001111111111111111111111111111111111111111111111111111111111111111111111111111111111111111111111111111111111111111111111101111111111111101111111101111101111111101111111101111111101111111101111111111011111101111110111111111111111111111111111111111111111111111111101111011111101111111110
01111111111111111111111111111111111111111111111111111111111111111111111111111111111111111111111111111111111111111111111111111111101111111111111101111111101111101111111101111111101111111101111111101111111111011111101111110111111111111111111111111111111111111111111111111101111011111101111111110
01111111111100000110000000000000110000000000000000110000000000000110110000000000000000011000000001100000000110000001111110110000001111111111111101111111101111101111111101111111101111111101111111101111111111011111101111110111111111111111111111111111111111111111111111111100000000110001111111110
01111111101101111111111111110111111111111111011111111111111011111110111111111111111111011111110111111111101111111101111110111111111111111111111101111111111111101111111101111111101111111101111111101111111111011111101111110111111111111111111111111111111111111111111111111111111111111101111111110
01111111101101111111111111110111111111111111011111111111111011111110111111111111111111011111110111111111101111111101111110111111111111111111111101111111111111101111111101111111101111111101111111101111111111011111101111110111111111111111111111111111111111111111111111111111111111111101111111110
01111111101101111111111111110111111111111111011111111111111011111110111111111111111111011111110111111111101111111101111110111111111111111111111100000000001111101111111101111111101111111101111111101111111111011111101111110111111111111111111111111111111111111111111111111111111111111101111111110
01111111101101111111111111110111111111111111011111111111111011111110111111111111111111011111110111111111101111111101111110111111111111111111111101111111111111100000000000000000000000000000000000000000000000011111101111110111111111111111111111111111111111111111111111111111111111111101111111110
01111111101101111111111111110111111111111111011111111111111011111110111111111111111111011111110111111111101111111101111110111111111111111111111101111111111111101111111101111111101111111101111111101111111111011111101111110111111111111111111111111111111111111111111111111111111111111101111111110
01111111101101111111111111110111111111111111011111111111111011111110111111111111111111011111110111111111101111111101111110111111111111111111111101111111101111101111111101111111101111111101111111101111111111011111101111111111111111111111111111111111111111111111111111111111111111111101111111110
00000000001101111111111111110111111111111111011111111111111011111110111111111111111111011111110111111111101111111101111110111111111111111111111101111111101111101111111101111111101111111101111111101111111111011111101111111111111111111111111111111111111111111111111111111111111111111101111111110
01111111111101111111111111110111111111111111011111111111111011111110011000000011000000011111110111111111100000000001111110000001111111111111111101111111101111101111111101111111101111111101111111101111111111011111100000000011111111111111111111111111111111111111111111111111111111111101111111110
01111111111101111111111111110111111111111111011111111111111011111110111111111111111111011111110111111111101111111101111110000000111111111111111100000000001111101111111101111111101111111101111111101111111111011111111111111111111111111111111111111111111111111111111111111111111111111101111111110
01111111101101111111111111110111111111111111011111111111111011111110111111111111111111011111110111111111101111111101111110000000011111111111111101111111101111101111111101111111101111111101111111101111111111011111111111111111111111111111111111111111111111111111111111111111111111111101111111110
01111111101101111111111111110111111111111111011111111111111011111110111111111111111111011111110111111111101111111101111110000000001111111111111101111111101111101111111101111111101111111101111111101111111111011111111111111011111111111111111111111111111111111111111111111111111111111101111111110
01111111101101111111111111110111111111111111011111111111111011111110111111111111111111011111110111111111101111111101111110000000000111111111111101111111101111101111111101111111101111111101111111101111111111011111111111100000000000000000000000001111111111111111111111111111111000000001111111110
01111111101101111111111111110111111111111111011111111111111011111110111111111111111111011111110111111111101111111111111110000000000011111111111101111111101111100000001101100000000000001101100000000000000011011111111111111111111111111111111111101111111111111111111111111111111011111101111111110
01111111101101111111111111110111111111111111011111111111111011111110111111111111111111011111110111111111101111111111111110000000000001111111111101111111101111111111111111111111111111111111111111111111111111111111111111111111111111111111111111101111111111111111111111111111111011111101111111110
01111111101101111111111111110111111111111111011111111111111011111110111111111111111111011111110000000000000000000001111110000000000000111111111101111111111111111111111111111111111111111111111111111111111111111111111111111111111111111111111111101111111111111111111111111111111011111101111111110
00000000001101111111111111110111111111111111011111111111111011111110111111111111111111011111110111111111111111111111111110000000000000011111111101111111111111111111111111111111111111111111111111111111111111111111111111111111111111111111111111101111111111111111111111111111111011111101111111110
01111111111101111111111111110111111111111111011111111111111011111110111111111111111111011111110111111111111111111111111110000000000000011111111101111110000000110110000000000110110000000000110110000000000110110000011111111111111111111111111111101111111111111111111111111111111011111101111111110
01111111111101111111111111110111111111111111011111111111111011111110111111111111111111011111110111111111111111111101111110000000000000011111111101111110111111110111111011111110111111011111110111111011111110111111011111100000000000000000000000001111111111111111111111111111111011111101111111110
01111111101101111111111111111111111111111111011111111111111111111110111111111111111111011111110111111111111111111101111110000000000000011111111101111110111111110111111011111110111111011111110111111011111110111111011111111111111111111111111111101111111111111111111111111111111011111101111111110
01111111101101111111111111111111111111111111011111111111111111111110111111111111111111011111110111111111111111111101111110000000000000011111111101111110111111110111111011111110111111011111110111111011111110111111011111111111111111111111111111101111111111111111111111111111111011111101111111110
01111111101101111111111111110111111111111111011111111111111011111110111111111111111111011111110111111111111111111101111110000000000000011111111101111110111111110111111011111110111111011111110111111011111110111111000011000111111111111111111111101111111111111111111111111111111011111101111111110
01111111101101111111111111110111111111111111011111111111111011111110111111111111111111011111110111111111111111111101111110000000000000011111111101111110111111110111111011111110111111011111110111111011111110111111011111110111111111111111111111101111111111111111111111111111111011111100000000110
01111111101100000000000000000000000000000000000000000000000000000000000000000000000000000000000000000000000000000001111110000000000000011000000001111110111111110111111011111110111111011111110111111011111110111111011111110111111111111111111111101111111111111111111111111111111011111111111111110
01111111101100000000000000000000000000000000000000000000000000000000000000000000000000000000000000000000000000000001111111111111111111111111111101111110111111110111111011111110111111011111110111111011111110111111011111110111111111111111111111101111111111111111111111111111111011111111111111110
01111111101100000000000000000000000000000000000000000000000000000000000000000000000000000000000000000000000000000001111111111111111111111111111101111110111111110111111011111110111111011111110111111011111110111111011111110000000000000000000000000000000000000000000000000000000011111111111111110
00000000001100000000000000000000000000000000000000000000000000000000000000000000000000000000000000000000000000000001111111111111111111111111111100000000000000000000000000000000000000000000000000000000000000000000011111111111111111111111111111111111111111111111111111111111111111111111111111110
01111111111100000000000000000000000000000000000000000000000000000000000000000000000000000000000000000000000000000001111111111111111111111111111111111111111111111111111111111111111111111111111111111111111111111111111111111111111111111111111111111111111111111111111111111111111111111111111111110
01111111111100000000000000000000000000000000000000000000000000000000000000000000000000000000000000000000000000000001111111111111111111111111111111111111111111111111111111111111111111111111111111111111111111111111111111111111111111111111111111111111111111111111111111111111111111111111111111110
01111111101100000000000000000000000000000000000000000000000000000000000000000000000000000000000000000000000000000001111110000000000000001111111111111111111111111111111111111111111111111111111111111111111111111111111111111111111111111111111111111111111111111111111111111111111111111111111111110
01111111101100000000000000000000000000000000000000000000000000000000000000000000000000000000000000000000000000000001111110000000000000001111111100110000001100000001100000000000011000000000000000000000001100000000000011000000000000000000000000000000001100000000000000000000110000000001111111110
01111111101100000000000000000000000000000000000000000000000000000000000000000000000000000000000000000000000000000111111110000000000000001111111101111101111111111101111111111101111111111111111111111011111111111011111111111111111111111111111111111111101111111011111110111111111111111101111111110
01111111101101111111111111111111011111111111111111101111111111111111111111111111111111111111111111111111100000000111111110000000000000001111111101111101111111111101111111111101111111111111111111111011111111111011111111111111111111111111111111111111101111111011111110111111111111111101111111110
01111111101101111111111111111111011111111111111111101111111111111111111111111111111111111111111111111111100000000111111110000000000000001111111101111101111111111101111111111101111111111111111111111011111111111011111111111111111111111111111111111111101111111011111110111111111111111101111111110
01111111101101111111111111111111011111111111111111101111111111111111111111111111111111111111111111111111100000000111111110000000000000001111111101111101111111111101111111111101111111111111111111111011111111111011111111111111111111111111111111111111101111111011111110111111111111111101111111110
01111111101101111111111111111111011111111111111111101111111111111111111111111111111111111111111111111111101111110111111110000000000000001111111101111101111111111101111111111111111111111111111111111011111111111011111111111111111111111111111111111111101111111011111110111111111111111101111111110
00000000001101111111111111111111011111111111111111101111111111111111111111111111111111111111111111111111101111111111111110000000000000001111111101111101111111111101111111111111111111111111111111111011111111111011111111111111111111111111111111111111101111111011111110111111111111111101111111110
01111111111101111111111111111111011111111111111111101111111111111111111111111111111111111111111111111111101111111111111110000000000000001111111101111101111111111101111111111101111111111111111111111011111111111011111111111111111111111111111111111111101111111011111110111111111111111101111111110
01111111111101111111111111111111011111111111111111101111111111111111111111111111111111111111111111111111101111110111111110000000000000001111111101111101111111111101111111111101111111111111111111111011111111111011111111111111111111111111111111111111101111111011111110111111111111111101111111110
01111111101101111111111111111111011111111111111111101111111111111111111111111111111111111111111111111111101111110111111110000000000000001111111101111101111111111101111111111101111111111111111111111011111111111011111111111111111111111111111111111111101111111011111111111111111111111101111111110
01111111101101111111111111111111011111111111111111101111111111111111111111111111111111111111111111111111100000000111111110000000000000001111111101111101111111111101111111111101111111111111111111111011111111111011111111111111111111111111111111111111101111111011111111111111111111111101111111110
01111111101101111111111111111111011111111111111111101111111111111111111111111111111111111011000000000000001111110111111110000000000000001111111101111101111111111101100000000001111111111111111111111011111111111011111111111111111111111111111111111111101111111011111110111111111111111101111111110
01111111101101111111111111111111011111111111111111101111111111111111111111111111111111111011111111111111101111111111111110000000000000001111111101111101111111111101111111111101111111111111111111111011111111111011111111111111111111111111111111111111101111111011111110111111111111111101111111110
01111111101101111111111111111111011111111111111111101111111111111111111111111111111111111011111111111111101111111111111110000000000000001111111101111101111111111101111111111101111111111111111111111011111111111011111111111111111111111111111111111111101111111011111110111111111111111101111111110
01111111101101111111111111111111011111111111111111101111111111111111111111111111111111111011111111111111101111110111111110000000000000001111111101111101111111111101111111111101111111111111111111111011111111111011111111111111111111111111111111111111101100000011111110111111111111111101111111110
00000000001101111111000000000000000000000110111111101111111111111111111111111111111111111011111111111111101111110111111110000000000000001111111101111101111111111101111111111101111111111111111111111011111111111011111111111111111111111111111111111111101111111011111110111111111111111101111111110
01111111111101111111011111111111011111111110111111101111111111111111111111111111111111111011111111111111100000000111111110000000000000001111111101111101111111111101111111111101111111111111111111111011111111111011111111111111111111111111111111111111101111111011111110111111111111111101111111110
01111111111101111111111111111111011111111110111111101111111111111111111111111111111111111011111111111111101111110111111110000000000000001111111101111101111111111101111111111111111111111111111111111011111111111011111111111111111111111111111111111111101111111011111110111111111111111101111111110
01111111101101111111111111111111011111111110111111101111111111111111111111111111111111111011111111111111101111110111111110000000000000001111111101111101111111111101111111111111111111111111111111111111111111111111111111111111111111111111111111111111111111111011111110111111111111111101111111110
01111111101101111111011111111111011111111110111111101111111111111111111111111111111111111011111111111111101111111111111110000000000000001111111101111101111111111101111111111101111111111111111111111111111111111111111111111111111111111111111111111111111111111011111110111111111111111101111111110
01111111101101111111011111111111011111111110111111101111111111111111111111111111111111111011111111111111101111111111111110000000000000001111111101111101111111111101111111111101111111111111111111111011111111111011111111111111111111111111111111111111101111111011111110111111111111111101111111110
01111111101101111111011111111111011111111110111111101111111111111111111111111111111111111011111111111111101111110111111110000000000000001111111101111101111111111101111111111101111111111111111111111011111111111011111111111111111111111111111111111111101111111011111110111111111111111101111111110
01111111101101111111011111111111011111111110111111101111111111111111111111111111111111111011111111111111101111110111111110000000000000001111111101111101111111111101111111111101111111111111111111111011111111111011111111111111111111111111111111111111101111111011111110111111111111111101111111110
01111111101100001111000000000000000000000110110000000000000001100000000000000001100000000000000000000000000000000001111110000000000000001111110000000000000000000000000000000000000000000000000000000000000000000000000000000000000000000000000000000000000000000000000000000000000000000001111111110
01111111101111111111111111111111111111111111111111111111111111111111111111111111111111111111111111111111111111111111111111111111111111111111110000000000000000000000000000000000000000000000000000000000000000000000000000000000000000000000000000000000000000000000000000000000000000000001111111110
01111111101111111111111111111111111111111111111111111111111111111111111111111111111111111111111111111111111111111111111111111111111111111111110000000000000000000000000000000000000000000000000000000000000000000000000000000000000000000000000000000000000000000000000000000000000000000001111111110
00000000001111111111111111111111111111111111111111111111111111111111111111111111111111111111111111111111111111111111111111111111111111111111110000000000000000000000000000000000000000000000000000000000000000000000000000000000000000000000000000000000000000000000000000000000000000000001111111110
01111111111111111111111110000110000001100000011000001100000011000000110000000001100111111101100000000000000000000001111111111111111111111111110000000000000000000000000000000000000000000000000000000000000000000000000000000000000000000000000000000000000000000000000000000000000000000001111111110
01111111111111111111111110111111111101111111011111101111111011111110111111011111110111111101111111101111111110111101111111111111111111111111110000000000000000000000000000000000000000000000000000000000000000000000000000000000000000000000000000000000000000000000000000000000000000000001111111110
01111111101111111111111110111111111101111111011111101111111011111110111111011111110011000001111111101111111110111101111111000000000000011111110000000000000000000000000000000000000000000000000000000000000000000000000000000000000000000000000000000000000000000000000000000000000000000001111111110
01111111101100000000000000111111111101111111011111101111111011111110111111011111110111111101111111101111111110111100000011000000000000011111110000000000000000000000000000000000000000000000000000000000000000000000000000000000000000000000000000000000000000000000000000000000000000000001111111110
01111111101101111111111110111111111101111111011111101111111011111110111111011111110111111101111111101111111110111111111111000000000000011111110111111111110111111111111111111111111110111111111110111111111111111111111111110111111111111111111111101111111111111111111111101111111011111101111111110
01111111101101111111111110111111111101111111011111101111111011111110111111011111110111111101111111101111111110111111111111000000000000011111110111111111110111111111111111111111111110111111111110111111111111111111111111110111111111111111111111101111111111111111111111101111111011111101111111110
01111111101101111111111110111111111101111111011111101111111011111110111111011111110111111101111111101111111110111111111111000000000000011111110111111111110111111111111111111111111110111111111110111111111111111111111111110111111111111111111111101111111111111111111111101111111111111101111111110
01111111101101111111111110111111111101111111011111101111111011111110111111011111110111111101111111101111111110111111111111000000000000011111110111111111110111111111111111111111111110111111111110111111111111111111111111110111111111111111111111101111111111111111111111101111111111111101111111110
01111111101111111111111110111111111101111111011111101111111011111110111111011111110111111101111111101111111110111111111111000000000000011111110111111111110111111111111111111111111110111111111110111111111111111111111111110111111111111111111111101111111111111111111111101111111011111101111111110
00000000001111111111111110111111111101111111011111101111111011111110111111011111110111111101111111101100000000111111111111000000000000011111110111111111110111111111111111111111111110111111111110111111111111111111111111110111111111111111111111101111111111111111111111101111111011111101111111110
01111111111100000000000000111111111101111111011111101111111011111110111111011111110111111101111111111111111111111111111111000000000000011111110111111111110111111111111111111111111110111111111110111111111111111111111111110111111111111111111111101111111111111111111111100000000011111101111111110
01111111111101111111111110111111111101111111011111101111111011111110111111011111110111111101111111111111111111111111111111000000000000011111110111111111110111111111111111111111111110111111111110111111111111111111111111110111111111111111111111101111111111111111111111101111111011111101111111110
01111111101101111111111110000000000000000000000000000000000000000000000000000000000111111100000000000000000011111111111111100000000000011111110111111111110111111111111111111111111110111111111110111111111111111111111111110111111111111111111111101111111111111111111111101111111011111101111111110
01111111101101111111111110000000000000000000000000000000000000000000000000000000000111111100000000000000000001111111111111110000000000011111110111111111110111111111111111111111111110111111111110111111111111111111111111110111111111111111111111101111111111111111111111101111111111111101111111110
01111111101101111111111110000000000000000000000000000000000000000000000000000000000111111100000000000000000000111111111111111100000000011111110111111111110111111111111111111111111110111111111110111111111111111111111111110111111111111111111111101111111111111111111111101111111111111101111111110
01111111101111111111111110000000000000000000000000000000000000000000000000000000000111111100000000000000000000011111111111111110000000011111110111111111110111111111111111111111111111111111111111111111111111111111111111111111111111111111111111111111111111111111111111101111111011111101111111110
01111111101111111111111110000000000000000000000000000000000000000000000000000000000111111100000000000000000000001111111111111111000000011111110111111111110111111111111111111111111111111111111111111111111111111111111111111111111111111111111111111111111111111111111111101111111011111101111111110
00000000001100000000000000000000000000000000000000000000000000000000000000000000000111111100000000000000000000000111111111111111110000011111110111111111110111111111111111111111111110111111111110111111111111111111111111110111111111111111111111101111111111111111111111101111111011111101111111110
01111111111101111111111110000000000000000000000000000000000000000000000000000000000111111000000000000000000000000011111111111111111000011111110111111111110111111111111111111111111110111111111110111111111111111111111111110111111111111111111111101111111111111111111111100000000011111101111111110
01111111111101111111111110000000000000000000000000000000000000000000000000000000000111110000000000000000000000000000111111111111111111011111110111111111110111111111111111111111111110111111111110111111111111111111111111110111111111111111111111101111111111111111111111101111111011111101111111110
01111111101101111111111110000000000000000000000000000000000000000000000000000000000111100000000000000000000000000000011111111111111111011111110111111111110111111111111111111111111110111111111110111111111111111111111111110111111111111111111111101111111111111111111111101111111011111101111111110
01111111101101111111111110000000000000000000000000000000000000000000000000000000000111000000000000000000000000000000001111111111111111011111110111111111110111111111111111111111111110111111111110111111111111111111111111110111111111111111111111101111111111111111111111101111111111111101111111110
01111111101101111111111110000000000000000000000000000000000000000000000000000000000100000000000000000000000000000000000111111111111111011111110111111111110111111111111111111111111110111111111110111111111111111111111111110111111111111111111111101111111111111111111111101111111111111101111111110
01111111101111111111111110000000000000000000000000000000000000000000000000000000000000000000000000000000000000000000000011111111111111011111110111111111110111111111111111111111111110111111111110111111111111111111111111110111111111111111111111101111111111111111111111101111111011111101111111110
01111111101111111111111110000000000000000000000000000000000000000000000000000000000000000000000000000000000000000000000001111111111111011111110111111111110111111111111111111111111110111111111110111111111111111111111111110111111111111111111111101111111111111111111111101111111011111101111111110
01111111101100000000000000000000000000000000000000000000000000000000000000000000000000000000000000000000000000000000000001111111111111011111110111111111110111111111111111111111111110111111111110111111111111111111111111110111111111111111111111101111111111111111111111101111111011111101111111110
01111111101111111111111110000000000000000000000000000000000000000000000000000000000000000000000000000000000000000000000001110000000000011111110000001100000000110000000000000000110000000011000000000001100000000000000011000001100000000000000110000000011000000000000110000000000000011001111111110
01111111101111111111111110000000000000000000000000000000000000000000000000000000000000000000000000000000000000000000000001111110111111111111111111111111111111111111111111111111111111111111111111111111111111111111111111111111111111111111111111111111111111111111111111111111111111111111111111110
01111111101101111111111110000000000000000000000000000000000000000000000000000000000000000000000000000000000000000000000001111110111111111111111111111111111111111111111111111111111111111111111111111111111111111111111111111111111111111111111111111111111111111111111111111111111111111111111111110
00000000001101111111111110000000000000000000000000000000000000000000000000000000000000000000000000000000000000000000000001111110111111111111111111111111111111111111111111111111111111111111111111111111111111111111111111111111111111111111111111111111111111111111111111111111111111111111111111110
01111111111101111111111110000000000000000000000000000000000000000000000000000000000000000000000000000000000000000000000001111110111111111111111111111111111111111111110111111111111111111111111111111111111111111111111111111111111111111111111111111111111111111111111111111111111111111111111111110
01111111111101111111111110000000000000000000000000000000000000000000000000000000000000000000000000000000000000000000000001111110111101100000000000011011111111111111110110000000000000000000000000000000000000000000000000000000000001111000000000000000011000000000000000000000110011111111111111110
01111111101101111111111110000000000000000000000000000000000000000000000000000000000000000000000000000000000000000000000001111110111101111111111111111011111111111111110111111111101111110111111111111111111111111111111111111111101111111111111111101111111111101111111111111101111000011000000000110
01111111101100000000000000000000000000000000000000000000000000000000000000000000000000000000000000000000000000000000000000000000011101111111111111111000000000000001110111111111101111110111111111111111111111111111111111111111101111111111111111101111111111101111111111111101111011111011111111110
01111111101111111111111111110000000000000000000000000000000000000000000000000000000000000000000000000000000000000111111111111111111101111111111111111011111111111111110111111111101111110111111111111111111111111111111111111111101111111111111111101111111111101111111111111101111011111011111111110
01111111101111111111111111110000000000000000000000000000000000000000000000000000000000000000000000000000000000000111111111111111111101111111111111111011111111111111110111111111101111110111111111111111111111111111111111111111101111111111111111101111111111101111111111111101111011111011111111110
01111111101101111111101111110000000000000000000000000000000000000000000000000000000000000000000000000000000000000111111101111111011101111111111111111011111111111111110111111111101111110111111111111111111111111111111111111111101111111111111111101111111111101111111111111101111011111011111111110
01111111101101111111101111110000000000000000000000000000000000000000000000000000000000000000000000000000000000000111111101111111011101111111111111111011111111111111110111111111101111110111111111111111111111111111111111111111101111111111111111101111111111101111111111111101111011111011111111110
01111111101101111111101111110000000000000000000000000000000000000000000000000000000000000000000000000000000000000111111101111111011101111111111111111011111111111111110111111111101111110111111111111111111111111111111111111111101111111111111111101111111111101111111111111101111011111011111111110
01111111101101111111101111110000000000000000000000000000000000000000000000000000000000000000000000000000000000000111111101111111011101111111111111111011111111111111110111111111101111110111111111111111111111111111111111111111101111111111111111101111111111101111111111111101111011111011111111110
00000000001101111111101111110000000000000000000000000000000000000000000000000000000000000000000000000000000000000111111101111111011101111111111111111011111111111111110111111111101111110111111111111111111111111111111111111111101111111111111111101111111111101111111111111101111011111011111111110
01111111111101111111101111110000000000000000000000000000000000000000000000000000000000000000000000000000000000000111111101111111011101111111111111111011111111111111110111111111101111110111111111111111111111111111111111111111101111111111111111101111111111101111111111111101111011111011111111110
01111111111101111111101111110111111101111111111011111111110111111111110111111111101111111111101111111111011111110111111101111111011101111111111111111011111111111111110111111111101111110111111111111111111111111111111111111111101111111111111111101111111111101111111111111111111011111011111111110
01111111101101111111101111110111111101111111111011111111110111111111110111111111101111111111101111111111011111110111111101111111011101111111111111111011111111111111110111111111101111110111111111111111111111111111111111111111101111111111111111101111111111101111111111111111111011111011111111110
01111111101101111111101111110111111101111111111011111111110111111111110111111111101111111111101111111111011111110111111101111111011101111111111111111011111111111111110111111001101100000111111111111111111111111111111111111111101111111111111111101111111111101111111111000001111011111011111111110
01111111101101111111101111110111111101111111111011111111110111111111110111111111101111111111101111111111011111110111111101111111011101111111111111111011111111111111110111111011111111110111111111111111111111111111111111111111101111111111111111101111111111101111111111011111111011111011111111110
01111111101101111111101111110111111101111111111011111111110111111111110111111111101111111111101111111111011111110111111101111111011101111111111111111011111111111111110111111011111111110111111111111111111111111111111111111111101111111111111111101111111111101111111111011111111011111011111111110
01111111101101111111101111110111111101111111111011111111110111111111110111111111101111111111101111111111011111110111111101111111011101111111111111111011111111111111110111111011111111111111111111111111111111111111111111111111101111111111111111101111111111101111111111011101111011111011111111110
01111111101101111111101111110111111101111111111011111111110111111111110111111111101111111111101111111111011111110111111101111111011101111111111111111011111111111111110111111011111111111111111111111111111111111111111111111111101111111111111111101111111111101111111111011101111011111011111111110
01111111101100000000000000000000001100000000011000000000110000000000110000000001100000000001100000000011000000110000000000000000011101111111111111111000000000000000000111111011111111110111111111111111111111111111111111111111100000011111111111100000000000000000000000000001100000011000000000000
01111111101111111111111111111111111111111111111111111111111111111111111111111111111111111111111111111111111111111111111111111111111111111111111111111111111111111111111111111011111111110111111111111111111111111111111111111111111111011111111111111111111111101111111111111111111110111111111111110
00000000001111111111111111111111111111111111111111111111111111111111111111111111111111111111111111111111111111111111111111111111111111111111111111111111111111111111111111111011111111110111111111111111111111111111111111111111111111011111111111111111111111101111111111111111111110111111111111110
01111111100110110000000001100000000001100000000011000000000011000000000110000000000110000000001100000000001100000000011000000000011000000000110000000001111111011111100000000011000000000111111111111111111111111111111111111111111111011111111111101111111111101111111111111111111110111111111111110
01111111111110111111111101111111111101111111111011111111111011111111110111111111110111111111101111111111101111111111011111111111011111111110111111111101111111011111101111111111111111110111111111111111111111111111111111111111111111011111111111101111111111101111111111111111111110111111111111110
01111111111110111111111101111111111101111111111011111111111011111111110111111111110111111111101111111111101111111111011111111111011111111110111111111101111111011111101111111111111111110111111111111111111111111111111111111111111111011111111111101111111111101111111111111111111110111111111111110
01111111111110111111111101111111111101111111111011111111111011111111110111111111110111111111101111111111101111111111011111111111011111111110111111111101111111011111101111111111011111110111111111111111111111111111111111111111111111011111111111101111111111101111111111111111111110111111111111110
01111111111110111111111101111111111101111111111011111111111011111111110111111111110111111111101111111111101111111111011111111111011111111110111111111101111111011111101111111111011111110111111111111111111111111111111111111111111111011111111111101111111111101111111111111111111110111111111111110
01111111111110111111111101111111111101111111111011111111111011111111110111111111110111111111101111111111101111111111011111111111011111111110111111111101111111011111101111111111011111110111111111111111111111111111111111111111111111011111111111101111111111101111111111111111111110111111111111110
01111111111110111111111101111111111101111111111011111111111011111111110111111111110111111111101111111111101111111111011111111111011111111110111111111101111111011111101111111111011111110111111111111111111111111111111111111111111111011111111111101111111111101111111111111111111110111111111111110
01111111111110111111111101111111111101111111111011111111111011111111110111111111110111111111101111111111101111111111011111111111011111111110111111111101111111011111101111111111011111110111111111111111111111111111111111111111111111011111111111101111111111101111111111111111111110111111111111110
01111111111110111111111101111111111101111111111011111111111011111111110111111111110111111111101111111111101111111111011111111111011111111110111111111101111111011111101111111111011111110111111111111111111111111111111111111111111111011111111111101111111111101111111111111111111110111111111111110
00000000000000000000000000000000000000000000000000000000000000000000000000000000000000000000000000000000000000000000000000000000000000000000000000000000000000000000000000000000000000000000000000000000000000000000000000000000000000000000000000000000000000000000000000000000000000000000000000000
